v2	Id(M1)
Step Information: V=2  (Run: 1/4)
0.000000000000000e+000	0.000000e+000
1.000000000000000e-001	2.009791e-013
2.000000000000000e-001	4.009996e-013
3.000000000000000e-001	6.010000e-013
4.000000000000000e-001	8.010000e-013
5.000000000000000e-001	1.001000e-012
6.000000000000000e-001	1.201000e-012
7.000000000000000e-001	1.401000e-012
7.999999999999999e-001	1.601000e-012
8.999999999999999e-001	1.801000e-012
9.999999999999999e-001	2.001000e-012
1.100000000000000e+000	2.201000e-012
1.200000000000000e+000	2.401000e-012
1.300000000000000e+000	2.601000e-012
1.400000000000000e+000	2.801000e-012
1.500000000000000e+000	3.001000e-012
1.600000000000000e+000	3.201000e-012
1.700000000000000e+000	3.401000e-012
1.800000000000001e+000	3.601000e-012
1.900000000000001e+000	3.801000e-012
2.000000000000000e+000	4.001000e-012
2.100000000000001e+000	4.201000e-012
2.200000000000001e+000	4.401000e-012
2.300000000000001e+000	4.601000e-012
2.400000000000001e+000	4.801000e-012
2.500000000000001e+000	5.001000e-012
2.600000000000001e+000	5.201000e-012
2.700000000000001e+000	5.401000e-012
2.800000000000001e+000	5.601000e-012
2.900000000000001e+000	5.801000e-012
3.000000000000001e+000	6.001000e-012
3.100000000000001e+000	6.201000e-012
3.200000000000002e+000	6.401000e-012
3.300000000000002e+000	6.601000e-012
3.400000000000002e+000	6.801000e-012
3.500000000000002e+000	7.001000e-012
3.600000000000002e+000	7.201000e-012
3.700000000000002e+000	7.401000e-012
3.800000000000002e+000	7.601000e-012
3.900000000000002e+000	7.801000e-012
4.000000000000002e+000	8.001000e-012
4.100000000000001e+000	8.201000e-012
4.200000000000001e+000	8.401000e-012
4.300000000000001e+000	8.601000e-012
4.400000000000000e+000	8.801000e-012
4.500000000000000e+000	9.001000e-012
4.600000000000000e+000	9.201000e-012
4.699999999999999e+000	9.401000e-012
4.799999999999999e+000	9.601000e-012
4.899999999999999e+000	9.801000e-012
5.000000000000000e+000	1.000100e-011
Step Information: V=2.8  (Run: 2/4)
0.000000000000000e+000	7.889310e-043
1.000000000000000e-001	7.048038e-003
2.000000000000000e-001	1.156170e-002
3.000000000000000e-001	1.351548e-002
4.000000000000000e-001	1.360257e-002
5.000000000000000e-001	1.360269e-002
6.000000000000000e-001	1.360301e-002
7.000000000000000e-001	1.360333e-002
7.999999999999999e-001	1.360364e-002
8.999999999999999e-001	1.360396e-002
9.999999999999999e-001	1.360427e-002
1.100000000000000e+000	1.360459e-002
1.200000000000000e+000	1.360490e-002
1.300000000000000e+000	1.360522e-002
1.400000000000000e+000	1.360553e-002
1.500000000000000e+000	1.360585e-002
1.600000000000000e+000	1.360617e-002
1.700000000000000e+000	1.360648e-002
1.800000000000001e+000	1.360680e-002
1.900000000000001e+000	1.360711e-002
2.000000000000000e+000	1.360743e-002
2.100000000000001e+000	1.360774e-002
2.200000000000001e+000	1.360806e-002
2.300000000000001e+000	1.360837e-002
2.400000000000001e+000	1.360869e-002
2.500000000000001e+000	1.360901e-002
2.600000000000001e+000	1.360932e-002
2.700000000000001e+000	1.360964e-002
2.800000000000001e+000	1.360995e-002
2.900000000000001e+000	1.361027e-002
3.000000000000001e+000	1.361058e-002
3.100000000000001e+000	1.361090e-002
3.200000000000002e+000	1.361121e-002
3.300000000000002e+000	1.361153e-002
3.400000000000002e+000	1.361184e-002
3.500000000000002e+000	1.361216e-002
3.600000000000002e+000	1.361248e-002
3.700000000000002e+000	1.361279e-002
3.800000000000002e+000	1.361311e-002
3.900000000000002e+000	1.361342e-002
4.000000000000002e+000	1.361374e-002
4.100000000000001e+000	1.361405e-002
4.200000000000001e+000	1.361437e-002
4.300000000000001e+000	1.361468e-002
4.400000000000000e+000	1.361500e-002
4.500000000000000e+000	1.361532e-002
4.600000000000000e+000	1.361563e-002
4.699999999999999e+000	1.361595e-002
4.799999999999999e+000	1.361626e-002
4.899999999999999e+000	1.361658e-002
5.000000000000000e+000	1.361689e-002
Step Information: V=4  (Run: 3/4)
0.000000000000000e+000	3.937649e-043
1.000000000000000e-001	2.498848e-002
2.000000000000000e-001	4.855803e-002
3.000000000000000e-001	7.065891e-002
4.000000000000000e-001	9.124299e-002
5.000000000000000e-001	1.102633e-001
6.000000000000000e-001	1.276747e-001
7.000000000000000e-001	1.434343e-001
7.999999999999999e-001	1.575020e-001
8.999999999999999e-001	1.698408e-001
9.999999999999999e-001	1.804175e-001
1.100000000000000e+000	1.892028e-001
1.200000000000000e+000	1.961718e-001
1.300000000000000e+000	2.013047e-001
1.400000000000000e+000	2.045864e-001
1.500000000000000e+000	2.060073e-001
1.600000000000000e+000	2.060735e-001
1.700000000000000e+000	2.060767e-001
1.800000000000001e+000	2.060802e-001
1.900000000000001e+000	2.060836e-001
2.000000000000000e+000	2.060871e-001
2.100000000000001e+000	2.060906e-001
2.200000000000001e+000	2.060940e-001
2.300000000000001e+000	2.060975e-001
2.400000000000001e+000	2.061010e-001
2.500000000000001e+000	2.061044e-001
2.600000000000001e+000	2.061079e-001
2.700000000000001e+000	2.061114e-001
2.800000000000001e+000	2.061148e-001
2.900000000000001e+000	2.061183e-001
3.000000000000001e+000	2.061218e-001
3.100000000000001e+000	2.061252e-001
3.200000000000002e+000	2.061287e-001
3.300000000000002e+000	2.061322e-001
3.400000000000002e+000	2.061356e-001
3.500000000000002e+000	2.061391e-001
3.600000000000002e+000	2.061425e-001
3.700000000000002e+000	2.061460e-001
3.800000000000002e+000	2.061495e-001
3.900000000000002e+000	2.061529e-001
4.000000000000002e+000	2.061564e-001
4.100000000000001e+000	2.061599e-001
4.200000000000001e+000	2.061633e-001
4.300000000000001e+000	2.061668e-001
4.400000000000000e+000	2.061703e-001
4.500000000000000e+000	2.061737e-001
4.600000000000000e+000	2.061772e-001
4.699999999999999e+000	2.061807e-001
4.799999999999999e+000	2.061841e-001
4.899999999999999e+000	2.061876e-001
5.000000000000000e+000	2.061910e-001
Step Information: V=5  (Run: 4/4)
0.000000000000000e+000	3.937649e-043
1.000000000000000e-001	3.268265e-002
2.000000000000000e-001	6.442675e-002
3.000000000000000e-001	9.519774e-002
4.000000000000000e-001	1.249609e-001
5.000000000000000e-001	1.536809e-001
6.000000000000000e-001	1.813220e-001
7.000000000000000e-001	2.078484e-001
7.999999999999999e-001	2.332241e-001
8.999999999999999e-001	2.574133e-001
9.999999999999999e-001	2.803802e-001
1.100000000000000e+000	3.020900e-001
1.200000000000000e+000	3.225080e-001
1.300000000000000e+000	3.416007e-001
1.400000000000000e+000	3.593357e-001
1.500000000000000e+000	3.756819e-001
1.600000000000000e+000	3.906097e-001
1.700000000000000e+000	4.040916e-001
1.800000000000001e+000	4.161018e-001
1.900000000000001e+000	4.266169e-001
2.000000000000000e+000	4.356163e-001
2.100000000000001e+000	4.430815e-001
2.200000000000001e+000	4.489974e-001
2.300000000000001e+000	4.533516e-001
2.400000000000001e+000	4.561351e-001
2.500000000000001e+000	4.573418e-001
2.600000000000001e+000	4.574015e-001
2.700000000000001e+000	4.574077e-001
2.800000000000001e+000	4.574142e-001
2.900000000000001e+000	4.574207e-001
3.000000000000001e+000	4.574273e-001
3.100000000000001e+000	4.574338e-001
3.200000000000002e+000	4.574403e-001
3.300000000000002e+000	4.574468e-001
3.400000000000002e+000	4.574533e-001
3.500000000000002e+000	4.574598e-001
3.600000000000002e+000	4.574663e-001
3.700000000000002e+000	4.574728e-001
3.800000000000002e+000	4.574793e-001
3.900000000000002e+000	4.574859e-001
4.000000000000002e+000	4.574924e-001
4.100000000000001e+000	4.574989e-001
4.200000000000001e+000	4.575054e-001
4.300000000000001e+000	4.575119e-001
4.400000000000000e+000	4.575184e-001
4.500000000000000e+000	4.575249e-001
4.600000000000000e+000	4.575314e-001
4.699999999999999e+000	4.575379e-001
4.799999999999999e+000	4.575444e-001
4.899999999999999e+000	4.575509e-001
5.000000000000000e+000	4.575574e-001
