v2	Id(M1)
Step Information: V=2  (Run: 1/4)
0.000000000000000e+000	0.000000e+000
1.000000000000000e-001	3.900000e-006
2.000000000000000e-001	7.600001e-006
3.000000000000000e-001	1.110000e-005
4.000000000000000e-001	1.440000e-005
5.000000000000000e-001	1.750000e-005
6.000000000000000e-001	2.040000e-005
7.000000000000000e-001	2.310000e-005
7.999999999999999e-001	2.560000e-005
8.999999999999999e-001	2.790000e-005
9.999999999999999e-001	3.000000e-005
1.100000000000000e+000	3.190000e-005
1.200000000000000e+000	3.360000e-005
1.300000000000000e+000	3.510000e-005
1.400000000000000e+000	3.640000e-005
1.500000000000000e+000	3.750000e-005
1.600000000000000e+000	3.840000e-005
1.700000000000000e+000	3.910000e-005
1.800000000000001e+000	3.960000e-005
1.900000000000001e+000	3.990001e-005
2.000000000000000e+000	4.000000e-005
2.100000000000001e+000	4.000000e-005
2.200000000000001e+000	4.000000e-005
2.300000000000001e+000	4.000001e-005
2.400000000000001e+000	4.000001e-005
2.500000000000001e+000	4.000001e-005
2.600000000000001e+000	4.000001e-005
2.700000000000001e+000	4.000001e-005
2.800000000000001e+000	4.000001e-005
2.900000000000001e+000	4.000001e-005
3.000000000000001e+000	4.000001e-005
3.100000000000001e+000	4.000001e-005
3.200000000000002e+000	4.000001e-005
3.300000000000002e+000	4.000001e-005
3.400000000000002e+000	4.000001e-005
3.500000000000002e+000	4.000001e-005
3.600000000000002e+000	4.000001e-005
3.700000000000002e+000	4.000001e-005
3.800000000000002e+000	4.000001e-005
3.900000000000002e+000	4.000001e-005
4.000000000000002e+000	4.000001e-005
4.100000000000001e+000	4.000001e-005
4.200000000000001e+000	4.000001e-005
4.300000000000001e+000	4.000001e-005
4.400000000000000e+000	4.000001e-005
4.500000000000000e+000	4.000001e-005
4.600000000000000e+000	4.000001e-005
4.699999999999999e+000	4.000001e-005
4.799999999999999e+000	4.000001e-005
4.899999999999999e+000	4.000001e-005
5.000000000000000e+000	4.000001e-005
Step Information: V=2.8  (Run: 2/4)
0.000000000000000e+000	0.000000e+000
1.000000000000000e-001	5.500000e-006
2.000000000000000e-001	1.080000e-005
3.000000000000000e-001	1.590000e-005
4.000000000000000e-001	2.080000e-005
5.000000000000000e-001	2.550000e-005
6.000000000000000e-001	3.000000e-005
7.000000000000000e-001	3.430000e-005
7.999999999999999e-001	3.840000e-005
8.999999999999999e-001	4.230000e-005
9.999999999999999e-001	4.600000e-005
1.100000000000000e+000	4.950000e-005
1.200000000000000e+000	5.280000e-005
1.300000000000000e+000	5.590000e-005
1.400000000000000e+000	5.880000e-005
1.500000000000000e+000	6.150000e-005
1.600000000000000e+000	6.400000e-005
1.700000000000000e+000	6.630000e-005
1.800000000000001e+000	6.840000e-005
1.900000000000001e+000	7.030000e-005
2.000000000000000e+000	7.200000e-005
2.100000000000001e+000	7.350001e-005
2.200000000000001e+000	7.480000e-005
2.300000000000001e+000	7.590000e-005
2.400000000000001e+000	7.680000e-005
2.500000000000001e+000	7.750001e-005
2.600000000000001e+000	7.800000e-005
2.700000000000001e+000	7.830001e-005
2.800000000000001e+000	7.840001e-005
2.900000000000001e+000	7.840001e-005
3.000000000000001e+000	7.840001e-005
3.100000000000001e+000	7.840001e-005
3.200000000000002e+000	7.840001e-005
3.300000000000002e+000	7.840001e-005
3.400000000000002e+000	7.840001e-005
3.500000000000002e+000	7.840001e-005
3.600000000000002e+000	7.840001e-005
3.700000000000002e+000	7.840001e-005
3.800000000000002e+000	7.840001e-005
3.900000000000002e+000	7.840001e-005
4.000000000000002e+000	7.840001e-005
4.100000000000001e+000	7.840001e-005
4.200000000000001e+000	7.840001e-005
4.300000000000001e+000	7.840001e-005
4.400000000000000e+000	7.840001e-005
4.500000000000000e+000	7.840001e-005
4.600000000000000e+000	7.840001e-005
4.699999999999999e+000	7.840001e-005
4.799999999999999e+000	7.840001e-005
4.899999999999999e+000	7.840001e-005
5.000000000000000e+000	7.840001e-005
Step Information: V=4  (Run: 3/4)
0.000000000000000e+000	0.000000e+000
1.000000000000000e-001	7.900000e-006
2.000000000000000e-001	1.560000e-005
3.000000000000000e-001	2.310000e-005
4.000000000000000e-001	3.040000e-005
5.000000000000000e-001	3.750000e-005
6.000000000000000e-001	4.440000e-005
7.000000000000000e-001	5.110000e-005
7.999999999999999e-001	5.760000e-005
8.999999999999999e-001	6.390000e-005
9.999999999999999e-001	7.000000e-005
1.100000000000000e+000	7.590000e-005
1.200000000000000e+000	8.160000e-005
1.300000000000000e+000	8.710000e-005
1.400000000000000e+000	9.240001e-005
1.500000000000000e+000	9.750000e-005
1.600000000000000e+000	1.024000e-004
1.700000000000000e+000	1.071000e-004
1.800000000000001e+000	1.116000e-004
1.900000000000001e+000	1.159000e-004
2.000000000000000e+000	1.200000e-004
2.100000000000001e+000	1.239000e-004
2.200000000000001e+000	1.276000e-004
2.300000000000001e+000	1.311000e-004
2.400000000000001e+000	1.344000e-004
2.500000000000001e+000	1.375000e-004
2.600000000000001e+000	1.404000e-004
2.700000000000001e+000	1.431000e-004
2.800000000000001e+000	1.456000e-004
2.900000000000001e+000	1.479000e-004
3.000000000000001e+000	1.500000e-004
3.100000000000001e+000	1.519000e-004
3.200000000000002e+000	1.536000e-004
3.300000000000002e+000	1.551000e-004
3.400000000000002e+000	1.564000e-004
3.500000000000002e+000	1.575000e-004
3.600000000000002e+000	1.584000e-004
3.700000000000002e+000	1.591000e-004
3.800000000000002e+000	1.596000e-004
3.900000000000002e+000	1.599000e-004
4.000000000000002e+000	1.600000e-004
4.100000000000001e+000	1.600000e-004
4.200000000000001e+000	1.600000e-004
4.300000000000001e+000	1.600000e-004
4.400000000000000e+000	1.600000e-004
4.500000000000000e+000	1.600000e-004
4.600000000000000e+000	1.600000e-004
4.699999999999999e+000	1.600000e-004
4.799999999999999e+000	1.600000e-004
4.899999999999999e+000	1.600000e-004
5.000000000000000e+000	1.600000e-004
Step Information: V=5  (Run: 4/4)
0.000000000000000e+000	0.000000e+000
1.000000000000000e-001	9.900000e-006
2.000000000000000e-001	1.960000e-005
3.000000000000000e-001	2.910000e-005
4.000000000000000e-001	3.840000e-005
5.000000000000000e-001	4.750000e-005
6.000000000000000e-001	5.640000e-005
7.000000000000000e-001	6.510000e-005
7.999999999999999e-001	7.360000e-005
8.999999999999999e-001	8.190001e-005
9.999999999999999e-001	9.000000e-005
1.100000000000000e+000	9.790000e-005
1.200000000000000e+000	1.056000e-004
1.300000000000000e+000	1.131000e-004
1.400000000000000e+000	1.204000e-004
1.500000000000000e+000	1.275000e-004
1.600000000000000e+000	1.344000e-004
1.700000000000000e+000	1.411000e-004
1.800000000000001e+000	1.476000e-004
1.900000000000001e+000	1.539000e-004
2.000000000000000e+000	1.600000e-004
2.100000000000001e+000	1.659000e-004
2.200000000000001e+000	1.716000e-004
2.300000000000001e+000	1.771000e-004
2.400000000000001e+000	1.824000e-004
2.500000000000001e+000	1.875000e-004
2.600000000000001e+000	1.924000e-004
2.700000000000001e+000	1.971000e-004
2.800000000000001e+000	2.016000e-004
2.900000000000001e+000	2.059000e-004
3.000000000000001e+000	2.100000e-004
3.100000000000001e+000	2.139000e-004
3.200000000000002e+000	2.176000e-004
3.300000000000002e+000	2.211000e-004
3.400000000000002e+000	2.244000e-004
3.500000000000002e+000	2.275000e-004
3.600000000000002e+000	2.304000e-004
3.700000000000002e+000	2.331000e-004
3.800000000000002e+000	2.356000e-004
3.900000000000002e+000	2.379000e-004
4.000000000000002e+000	2.400000e-004
4.100000000000001e+000	2.419000e-004
4.200000000000001e+000	2.436000e-004
4.300000000000001e+000	2.451000e-004
4.400000000000000e+000	2.464000e-004
4.500000000000000e+000	2.475000e-004
4.600000000000000e+000	2.484000e-004
4.699999999999999e+000	2.491000e-004
4.799999999999999e+000	2.496000e-004
4.899999999999999e+000	2.499000e-004
5.000000000000000e+000	2.500000e-004
